5224
531
1064
1039
1062
3051
2358
3176
2955
4137
1757
3818
1755
4034
1834
3032
1778
4744
3168
3691
1767
3778
1096
3506
666
4412
2931
3837
2614
4444
3215
3853
2396
3895
3090
3306
1818
4952
1013
1042
1140
1112
4264
3466
1731
3483
4119
3892
4389
1796
4627
1873
1189
3329
2842
3335
3381
4047
3167
4394
4582
4672
1923
5090
1733
1684
1633
3900
1893
3533
1912
3694
1097
1106
4029
3437
4352
2427
4984
1765
3041
1764
2640
4722
3586
4731
1025
4031
3035
3186
3567
2538
2943
1143
3025
2368
1894
4172
1856
5033
2604
4866
1049
3411
1051
3663
1736
1931
1942
3704
4934
2705
4959
3560
4109
1882
4474
3289
4003
1674
3503
2769
3513
1079
2796
1078
4348
2984
4082
2551
4479
509
3757
1858
1787
1884
1897
2689
1754
5034
2512
4374
1895
2682
2940
4779
1769
4894
3364
1166
1138
1161
2735
1839
1116
2432
4225
4877
4239
5113
1154
1173
3737
2912
3977
4324
3
1868
2
7
3393
1829
3128
1774
3408
2503
3252
2860
2939
2628
4880
1122
2854
1123
5060
1917
2465
1871
2625
1094
1870
4221
4189
2962
3392
2927
4096
1728
5038
4705
510
1902
1918
2555
1115
1145
1192
1160
3999
1826
1805
1092
3147
1103
4615
4391
2969
1698
26
1180
1179
3037
1117
3657
664
665
2355
1099
3726
1100
4885
1175
3020
1734
1735
3151
3470
4625
3906
3715
5070
2926
3379
3243
3914
1869
4036
3598
4528
1081
1054
2509
3542
511
27
2652
1067
982
1024
3964
1059
4674
2989
5030
1156
1186
1191
1182
1129
3034
4226
1817
1840
3246
1121
5079
5215
1167
1196
1673
3320
4180
1609
1631
1088
704
705
1709
1738
1762
1883
4173
3632
4267
1824
1775
3463
1675
4976
2695
2917
4840
1851
2750
4843
4682
3371
3277
2786
3012
3529
2348
3622
4850
1792
1635
1592
1610
3629
28
4125
1891
1890
1911
3259
5047
3653
1114
1790
2524
1859
4899
1652
1605
4065
3473
1038
3870
1068
4334
1149
1084
3963
2457
4872
1011
3007
2971
1794
3398
3697
1737
1685
1914
3462
1788
4734
3347
1899
2728
3060
3318
4353
2687
3774
1857
4598
4094
4560
3777
5077
4735
2791
1876
1041
983
966
1922
3538
1105
3226
1695
8
1750
3490
1109
1128
4382
4379
4155
4687
2963
1707
5123
3569
2564
1072
4916
3369
1681
1866
1113
4229
3000
1607
1108
1613
1657
1687
2968
1055
4341
1591
1564
4311
4801
1751
1799
1063
1080
1593
3271
2382
3894
4586
2651
1783
5067
1153
1144
1181
1026
1927
1935
3357
4897
1919
1874
3965
2956
1091
1906
1837
5214
1070
1789
1127
1908
1910
1148
1131
1630
1907
1835
1777
1090
1130
2629
1164
1126
1563
1098
1137
3441
5024
3125
1077
5026
4595
4928
3647
5055
4990
1780
1696
2599
1124
1672
1104
1768
1132
4369
4972
1758
1101
1559
1589
1812
3145
3566
5189
1785
1680
1139
1806
1772
1771
1949
1185
1612
5199
1193
1187
1811
1058
1779
1864
4270
1209
1190
1711
1087
1801
1085
1
1223
1717
1865
1082
3048
3073
1629
1046
1716
5173
3549
1023
4606
1921
1739
1027
1836
1655
