5224
496
2223
3995
2177
4592
2594
4836
3681
5082
2621
2882
2870
3559
3177
3531
3530
4151
2691
2357
3746
2585
2607
869
4757
461
377
370
3809
3334
3403
3038
4273
2684
3333
2378
3796
2215
964
1323
2826
1362
2377
2164
4856
2114
2467
2152
4634
2401
3340
2530
3436
4169
4963
2494
3769
3345
4181
3867
2589
4579
1986
3384
424
549
434
3018
3534
3084
4588
3485
3808
2351
3902
2994
3201
4166
4456
2587
5152
274
4707
2171
3517
2131
4104
4511
3053
4883
55
3080
146
4907
3222
2363
4469
3178
2608
4236
4991
3185
3272
56
2073
2100
2103
2734
1339
1065
692
2474
3070
4398
5046
24
22
1307
640
1297
4920
1713
169
29
2094
3718
5043
5224
152
13
2571
2775
2478
4039
68
59
4796
2511
3600
3228
3644
1066
515
1719
3281
4739
3187
4008
2611
4754
3013
4946
5210
3390
3731
2665
2844
2219
5004
2201
2197
3054
3421
4452
2137
2139
3240
3816
4867
3668
2410
486
487
485
3375
3881
2169
4078
2362
4969
2356
2671
4475
3614
2163
1888
2162
2677
2180
3589
106
63
16
3488
427
3056
266
2078
2647
2080
3496
1985
660
332
4005
421
2447
2077
2711
2075
2074
2104
4025
4022
5096
4568
3928
4853
3426
4691
710
4702
3690
2566
270
413
2773
534
4912
649
2605
2059
4797
2441
3970
2885
4906
2506
3792
4038
3810
4929
5
2129
2130
18
2580
4198
2918
4921
5204
4365
3699
5127
3132
2186
2573
99
395
693
3764
2190
3164
3166
3337
3366
2864
3650
3299
4111
2093
2098
3759
3005
1306
4470
4911
2986
2406
2961
3980
2967
4156
11
153
4316
10
9
3656
2848
1984
5176
3077
3116
58
3907
313
520
2087
4406
3950
4827
2408
2402
17
3314
3193
139
4238
4342
3519
3427
2106
20
259
4191
5209
468
2148
451
3075
4209
3045
2095
2146
2978
3216
51
3540
3590
4033
3756
1309
4386
5039
210
197
396
4914
3062
14
1419
2108
2076
5135
19
4215
478
4408
4250
5138
2911
2650
3110
39
41
2712
719
4123
50
232
138
2234
2166
2514
2045
4220
4130
242
3423
3351
3130
2385
3771
5206
4360
5207
2187
383
165
57
3310
4338
2233
246
2156
2202
2123
5086
4566
4775
673
163
6
314
5001
217
97
305
566
565
145
143
2536
164
477
358
3338
2173
2141
1315
121
108
312
4402
2155
2119
1855
1234
107
52
545
1174
2143
180
573
4187
3457
15
4865
4814
233
40
1359
4768
12
4
4808
2112
3986
1328
2160
278
1372
2120
1887
1889
2043
2046
1310
54
53
325
2084
144
3539
2941
732
541
727
544
81
2058
2062
2150
2442
260
2174
2235
1367
2096
439
82
2210
75
570
161
2089
3254
21
2216
3713
1240
23
5157
927
2038
618
1421
179
5193
89
93
92
612
30
1317
134
