5224
488
2458
3067
1468
3666
1574
2676
1596
3868
1400
1402
1401
3915
2610
2847
2496
4632
2371
3088
3363
2370
3392
3257
5047
2321
2523
2317
3150
1544
2797
1599
3262
1444
1488
1489
3102
3294
3527
3256
4667
2576
4069
2881
4222
2287
2306
2294
3253
1687
1636
1613
2968
3315
3474
1482
4431
4106
3223
3608
1527
4638
3001
4020
4091
1470
3994
4908
3146
3191
2421
3195
1674
4843
1629
5185
1505
4924
3031
3068
2346
3358
3889
4082
1666
4970
3418
4426
1598
1600
2438
3387
3044
2925
2922
3108
1481
1399
2525
3158
4902
1531
1532
1508
2719
3199
3043
3941
1620
2758
5088
4407
3226
1509
3398
3502
3078
4745
2448
3641
4230
1582
1545
1601
2807
1641
4421
1691
4697
2856
2495
1487
2962
1693
2282
1417
1446
3247
1497
3435
3348
3976
2948
5110
3588
1425
2866
2244
2768
1479
4379
3483
2459
3827
1447
1461
3015
3307
3298
4409
4795
1512
3368
2906
3518
4948
1649
3697
1696
5034
1563
1576
2727
1577
1617
2899
4024
4767
1595
3651
1716
1690
3034
2326
2843
2320
4414
4349
4851
4648
5168
4542
4728
2981
4828
4055
1469
2834
5005
1747
1715
3145
3863
2579
3968
1534
3951
3322
2669
4204
1516
1473
1567
3629
4362
4749
2246
3729
4294
2622
2369
4596
2710
2814
4291
2249
2668
4277
2718
3125
1609
3318
2838
1538
1571
4925
1550
1519
1625
3583
4212
1542
2291
2464
2292
2804
4471
2350
4762
1510
4211
4651
1418
3647
5024
2739
3917
3113
4787
2666
4790
1493
5192
2707
3781
2745
1602
1546
3359
3073
4461
3858
5077
3133
3672
2466
1616
3451
4820
1651
1673
1628
3513
2743
3024
1404
4108
3396
2942
3921
3992
4436
1586
1553
1552
2680
4339
5054
1449
2243
1450
1433
1478
1477
3271
1622
4550
1492
1455
4152
3817
4657
3775
4355
1606
1484
1483
2551
4479
1431
2673
4011
1638
1966
1426
1428
2247
2248
3632
4560
1501
2250
2308
2284
1623
1644
4623
3688
2281
2331
4852
2256
2271
4610
1445
2928
2252
1619
3367
4255
1462
1495
1475
3360
2278
1543
1457
3385
1403
2312
1560
1589
1630
3048
2769
4267
2956
3101
1605
3371
2919
2728
3569
1521
1522
1434
1575
1573
1559
3376
1525
1398
1441
1440
1496
2537
1466
2258
2564
4896
1476
1448
4891
4983
4447
3448
1566
4858
1423
3099
1753
4330
2653
2280
2310
4229
5111
2940
3566
2588
4270
1427
1415
2311
2330
1432
1397
2927
4226
1456
1424
1663
1662
1454
1453
1410
2276
1414
1612
1535
1412
1411
1442
4124
4928
1621
3557
1627
1639
2315
1645
1650
1672
1451
2860
3591
1660
4369
1471
4972
1664
1514
1460
4846
5003
3221
1494
4353
1624
1556
1540
1526
1530
1564
4772
1768
1539
2261
1443
4455
1528
1587
1498
1515
5123
1585
1711
1537
1570
1765
1592
1694
1695
1668
1593
1717
1712
4894
1771
1769
