5224
880
2458
3067
1468
3666
1574
2676
1596
3868
2005
2006
1977
4068
1400
1402
1401
3915
1757
3818
1755
4034
2610
2847
2496
4632
1963
1734
1952
3549
1834
3032
1778
4744
1907
3963
1968
4586
1959
2662
1942
3773
3168
3691
1767
3778
2371
3088
3363
2370
3392
3257
5047
2321
2523
2317
3150
1544
2797
1599
3262
1444
1488
1489
3102
3294
3527
3256
4667
2931
3837
2614
4444
2576
4069
2881
4222
2287
2306
2294
3253
2422
3432
3269
4509
1687
1636
1613
2968
1677
3270
1678
3705
3315
3474
1482
4431
4106
3223
3608
1527
4638
3090
3306
1818
4952
3001
4020
4091
1470
3994
4908
3146
3191
2421
3195
1674
4843
1629
5185
1505
4924
3466
1731
3031
3068
2346
3358
3483
4119
3892
4389
1796
4627
1873
3889
4082
1666
4970
3381
4047
3167
4394
3418
4426
4582
4672
1923
5090
1598
1600
1733
1684
1633
3900
2438
3387
3044
2925
2922
3108
1481
1399
1893
3533
1912
3694
2525
3158
4902
1765
3041
1764
2640
4722
3586
4731
1531
1532
1508
2719
3199
3043
3941
1620
2758
5088
1894
4172
1856
5033
2604
4866
1736
3704
2632
4653
3770
4830
4407
3226
1931
1509
3398
3502
3078
4745
3560
4109
1882
4474
2448
3641
4230
3503
2769
3513
1582
1545
1601
2807
2984
2551
4479
3492
1981
4522
1641
4421
1691
4697
2856
2495
1487
1858
1787
2962
1693
2025
2037
2052
2493
2282
1417
1446
1884
1897
3247
1497
3435
3348
3976
2948
5110
2689
1754
5034
3588
1425
2866
2244
2768
1479
4379
2512
4374
1922
1920
3965
1919
4100
2459
3827
1447
1461
3015
3307
3298
4409
1895
2682
4795
2940
4779
1769
4894
1512
3368
3364
2906
3518
4948
1947
4527
1995
1964
3339
1649
3697
1696
1839
3273
2824
1563
4895
3763
5037
4225
4877
4239
5113
3737
2912
3977
1576
2727
1577
1617
1990
1972
5045
4324
3
1868
2899
4024
4767
3462
3369
4127
1595
3651
2
7
3393
1829
3128
1774
3408
2503
3252
2860
2939
2628
4880
2354
1917
2465
1871
1870
4221
4189
1716
1690
3034
3511
1970
2927
4096
1728
5038
4705
2326
2843
2320
4414
1980
1979
4349
4851
4648
5168
1902
1918
2555
4542
1826
1805
4728
2981
4828
4055
1469
2969
1698
1879
3204
2800
4523
2834
5005
1747
1715
3145
3863
2579
3968
1534
3951
3322
2669
4204
1516
1473
1567
3629
4012
1735
4362
4749
3906
3715
5070
2246
3729
4294
2926
2622
2369
4596
2394
2578
3344
1869
4036
3598
4528
2710
2814
4291
2509
3542
2249
2668
4277
2381
4515
1991
2002
2003
3766
2718
3125
1609
3318
2838
1538
1571
4925
1550
1519
1625
3583
4212
1542
2291
2464
2292
1906
3012
2804
4471
2350
4762
1510
4226
1817
1840
3246
4211
4651
1418
3647
5024
2739
3917
3113
4787
2666
4790
4174
2779
1960
1937
1673
1493
5192
2707
3781
2745
3320
4180
1631
1602
1546
3359
3073
4461
3858
5077
1993
2039
2007
2875
3133
3672
2466
1616
1709
1738
1762
1883
3451
4820
4173
1651
1628
2743
3024
3632
4267
1404
4108
1824
1775
3396
2942
3921
3992
4436
1675
4976
1586
1553
1552
2695
2680
4339
5054
1449
2243
1450
1433
1478
1477
3271
1622
4550
2917
1492
1455
4152
1851
3817
4657
3775
4355
1606
1484
1483
1431
4682
2673
4011
4595
3263
3278
3235
4552
3371
2022
2637
1638
1966
3529
1426
1428
2247
2248
2348
3622
4850
4084
1792
1635
1592
1610
4560
1501
1891
1890
1911
3259
3653
4121
4759
3004
1880
1790
2524
1859
4899
2250
2308
2284
1623
1644
1652
1605
4065
3473
4623
4468
2945
2457
4872
2027
2044
3946
3688
2281
2331
2971
4852
2256
2271
4610
1445
2928
2252
1794
1619
3367
1737
1685
4255
1462
1495
1475
3360
2813
2024
1914
2278
1543
1975
5099
1788
1457
3385
1403
2312
1560
1589
1630
3048
1899
2956
3101
2728
3060
4353
2687
3774
1857
4598
1994
2919
3777
3569
1521
1522
1434
4735
2791
1876
1575
1573
4118
1559
3376
1695
8
1750
2868
1982
4382
4155
4687
1525
2011
1398
1441
1440
1496
2537
1466
4139
4045
2963
1707
5123
2564
4577
2258
4916
4896
1476
1448
2000
1681
4891
2701
4983
4447
3448
1866
1566
1967
1945
2040
2008
4229
1607
4858
1423
2030
1657
3099
4341
1591
1564
1753
4330
2653
2280
2310
1751
1921
1799
4810
5111
3566
2588
4270
1593
1427
2382
3894
1997
2012
1954
1783
5067
1989
1971
1415
2311
2330
1948
1432
1397
1987
1927
1935
3357
4897
1456
1874
1424
1837
5214
3324
1663
1662
1789
1454
1453
1410
2276
1414
1908
1910
2056
1235
4842
1612
2461
2900
1999
2015
1535
1412
1411
1878
1442
5181
1835
1777
4124
4928
1621
3557
1956
1627
1639
2315
1645
1650
1672
1451
1957
1949
3591
1998
5055
1660
4369
1471
1780
1969
4972
1664
1768
5035
2018
1514
1460
4846
5003
1758
3221
1494
1624
1556
1540
1526
1530
1812
4772
1539
5189
1785
2261
2009
1680
1806
1772
1771
1443
4455
1811
1528
1587
2023
1779
5173
1498
1864
2019
1515
1585
1711
1537
1570
1801
1
1694
1668
1717
1865
2577
1712
1946
2014
4876
2053
2042
2026
1739
1836
1655
